Overall: 0.6526315789473685 0.657243816254417 0.6549295774647887
Positive: 0.6197916666666666 0.6761363636363636 0.6467391304347826
Neutral: 0.6260162601626016 0.6277173913043478 0.6268656716417911
Negative: 0.7074829931972789 0.6819672131147541 0.6944908180300502
