Overall: 0.6457765667574932 0.6856316297010607 0.6651075771749297
Positive: 0.6655290102389079 0.6151419558359621 0.6393442622950819
Neutral: 0.65 0.7495881383855024 0.6962509563886764
Negative: 0.5648148148148148 0.5398230088495575 0.5520361990950227
