Overall: 0.6758675078864353 0.6944894651539708 0.6850519584332534
Positive: 0.6893203883495146 0.7200811359026369 0.7043650793650794
Neutral: 0.678082191780822 0.6910994764397905 0.6845289541918756
Negative: 0.6272189349112426 0.6309523809523809 0.629080118694362
